RANDOM 100 150 4 10
RANDOM 100 150 10 10
RANDOM 100 150 20 10
RANDOM 100 150 25 10
RANDOM 100 200 4 10
RANDOM 100 200 10 10
RANDOM 100 200 20 10
RANDOM 100 200 25 10
RANDOM 100 460 4 10
RANDOM 100 460 10 10
RANDOM 100 460 20 10
RANDOM 100 460 25 10
RANDOM 100 920 4 10
RANDOM 100 920 10 10
RANDOM 100 920 20 10
RANDOM 100 920 25 10
RANDOM 100 2475 4 10
RANDOM 100 2475 10 10
RANDOM 100 2475 20 10
RANDOM 100 2475 25 10
RANDOM 200 300 5 10
RANDOM 200 300 14 10
RANDOM 200 300 28 10
RANDOM 200 300 50 10
RANDOM 200 400 5 10
RANDOM 200 400 14 10
RANDOM 200 400 28 10
RANDOM 200 400 50 10
RANDOM 200 1059 5 10
RANDOM 200 1059 14 10
RANDOM 200 1059 28 10
RANDOM 200 1059 50 10
RANDOM 200 2118 5 10
RANDOM 200 2118 14 10
RANDOM 200 2118 28 10
RANDOM 200 2118 50 10
RANDOM 200 9950 5 10
RANDOM 200 9950 14 10
RANDOM 200 9950 28 10
RANDOM 200 9950 50 10
RANDOM 300 450 5 10
RANDOM 300 450 17 10
RANDOM 300 450 34 10
RANDOM 300 450 75 10
RANDOM 300 600 5 10
RANDOM 300 600 17 10
RANDOM 300 600 34 10
RANDOM 300 600 75 10
RANDOM 300 1711 5 10
RANDOM 300 1711 17 10
RANDOM 300 1711 34 10
RANDOM 300 1711 75 10
RANDOM 300 3422 5 10
RANDOM 300 3422 17 10
RANDOM 300 3422 34 10
RANDOM 300 3422 75 10
RANDOM 300 22425 5 10
RANDOM 300 22425 17 10
RANDOM 300 22425 34 10
RANDOM 300 22425 75 10
RANDOM 400 600 5 10
RANDOM 400 600 20 10
RANDOM 400 600 40 10
RANDOM 400 600 100 10
RANDOM 400 800 5 10
RANDOM 400 800 20 10
RANDOM 400 800 40 10
RANDOM 400 800 100 10
RANDOM 400 2396 5 10
RANDOM 400 2396 20 10
RANDOM 400 2396 40 10
RANDOM 400 2396 100 10
RANDOM 400 4792 5 10
RANDOM 400 4792 20 10
RANDOM 400 4792 40 10
RANDOM 400 4792 100 10
RANDOM 400 39900 5 10
RANDOM 400 39900 20 10
RANDOM 400 39900 40 10
RANDOM 400 39900 100 10
RANDOM 500 750 6 10
RANDOM 500 750 22 10
RANDOM 500 750 44 10
RANDOM 500 750 125 10
RANDOM 500 1000 6 10
RANDOM 500 1000 22 10
RANDOM 500 1000 44 10
RANDOM 500 1000 125 10
RANDOM 500 3107 6 10
RANDOM 500 3107 22 10
RANDOM 500 3107 44 10
RANDOM 500 3107 125 10
RANDOM 500 6214 6 10
RANDOM 500 6214 22 10
RANDOM 500 6214 44 10
RANDOM 500 6214 125 10
RANDOM 500 62375 6 10
RANDOM 500 62375 22 10
RANDOM 500 62375 44 10
RANDOM 500 62375 125 10
RANDOM 600 900 6 10
RANDOM 600 900 24 10
RANDOM 600 900 48 10
RANDOM 600 900 150 10
RANDOM 600 1200 6 10
RANDOM 600 1200 24 10
RANDOM 600 1200 48 10
RANDOM 600 1200 150 10
RANDOM 600 3838 6 10
RANDOM 600 3838 24 10
RANDOM 600 3838 48 10
RANDOM 600 3838 150 10
RANDOM 600 7676 6 10
RANDOM 600 7676 24 10
RANDOM 600 7676 48 10
RANDOM 600 7676 150 10
RANDOM 600 89850 6 10
RANDOM 600 89850 24 10
RANDOM 600 89850 48 10
RANDOM 600 89850 150 10
RANDOM 700 1050 6 10
RANDOM 700 1050 26 10
RANDOM 700 1050 52 10
RANDOM 700 1050 175 10
RANDOM 700 1400 6 10
RANDOM 700 1400 26 10
RANDOM 700 1400 52 10
RANDOM 700 1400 175 10
RANDOM 700 4585 6 10
RANDOM 700 4585 26 10
RANDOM 700 4585 52 10
RANDOM 700 4585 175 10
RANDOM 700 9170 6 10
RANDOM 700 9170 26 10
RANDOM 700 9170 52 10
RANDOM 700 9170 175 10
RANDOM 700 122325 6 10
RANDOM 700 122325 26 10
RANDOM 700 122325 52 10
RANDOM 700 122325 175 10
RANDOM 800 1200 6 10
RANDOM 800 1200 28 10
RANDOM 800 1200 56 10
RANDOM 800 1200 200 10
RANDOM 800 1600 6 10
RANDOM 800 1600 28 10
RANDOM 800 1600 56 10
RANDOM 800 1600 200 10
RANDOM 800 5347 6 10
RANDOM 800 5347 28 10
RANDOM 800 5347 56 10
RANDOM 800 5347 200 10
RANDOM 800 10694 6 10
RANDOM 800 10694 28 10
RANDOM 800 10694 56 10
RANDOM 800 10694 200 10
RANDOM 800 159800 6 10
RANDOM 800 159800 28 10
RANDOM 800 159800 56 10
RANDOM 800 159800 200 10
RANDOM 900 1350 6 10
RANDOM 900 1350 30 10
RANDOM 900 1350 60 10
RANDOM 900 1350 225 10
RANDOM 900 1800 6 10
RANDOM 900 1800 30 10
RANDOM 900 1800 60 10
RANDOM 900 1800 225 10
RANDOM 900 6122 6 10
RANDOM 900 6122 30 10
RANDOM 900 6122 60 10
RANDOM 900 6122 225 10
RANDOM 900 12244 6 10
RANDOM 900 12244 30 10
RANDOM 900 12244 60 10
RANDOM 900 12244 225 10
RANDOM 900 202275 6 10
RANDOM 900 202275 30 10
RANDOM 900 202275 60 10
RANDOM 900 202275 225 10
EUCLID 100 150 4 10
EUCLID 100 150 10 10
EUCLID 100 150 20 10
EUCLID 100 150 25 10
EUCLID 100 200 4 10
EUCLID 100 200 10 10
EUCLID 100 200 20 10
EUCLID 100 200 25 10
EUCLID 100 460 4 10
EUCLID 100 460 10 10
EUCLID 100 460 20 10
EUCLID 100 460 25 10
EUCLID 100 920 4 10
EUCLID 100 920 10 10
EUCLID 100 920 20 10
EUCLID 100 920 25 10
EUCLID 100 2475 4 10
EUCLID 100 2475 10 10
EUCLID 100 2475 20 10
EUCLID 100 2475 25 10
EUCLID 200 300 5 10
EUCLID 200 300 14 10
EUCLID 200 300 28 10
EUCLID 200 300 50 10
EUCLID 200 400 5 10
EUCLID 200 400 14 10
EUCLID 200 400 28 10
EUCLID 200 400 50 10
EUCLID 200 1059 5 10
EUCLID 200 1059 14 10
EUCLID 200 1059 28 10
EUCLID 200 1059 50 10
EUCLID 200 2118 5 10
EUCLID 200 2118 14 10
EUCLID 200 2118 28 10
EUCLID 200 2118 50 10
EUCLID 200 9950 5 10
EUCLID 200 9950 14 10
EUCLID 200 9950 28 10
EUCLID 200 9950 50 10
EUCLID 300 450 5 10
EUCLID 300 450 17 10
EUCLID 300 450 34 10
EUCLID 300 450 75 10
EUCLID 300 600 5 10
EUCLID 300 600 17 10
EUCLID 300 600 34 10
EUCLID 300 600 75 10
EUCLID 300 1711 5 10
EUCLID 300 1711 17 10
EUCLID 300 1711 34 10
EUCLID 300 1711 75 10
EUCLID 300 3422 5 10
EUCLID 300 3422 17 10
EUCLID 300 3422 34 10
EUCLID 300 3422 75 10
EUCLID 300 22425 5 10
EUCLID 300 22425 17 10
EUCLID 300 22425 34 10
EUCLID 300 22425 75 10
EUCLID 400 600 5 10
EUCLID 400 600 20 10
EUCLID 400 600 40 10
EUCLID 400 600 100 10
EUCLID 400 800 5 10
EUCLID 400 800 20 10
EUCLID 400 800 40 10
EUCLID 400 800 100 10
EUCLID 400 2396 5 10
EUCLID 400 2396 20 10
EUCLID 400 2396 40 10
EUCLID 400 2396 100 10
EUCLID 400 4792 5 10
EUCLID 400 4792 20 10
EUCLID 400 4792 40 10
EUCLID 400 4792 100 10
EUCLID 400 39900 5 10
EUCLID 400 39900 20 10
EUCLID 400 39900 40 10
EUCLID 400 39900 100 10
EUCLID 500 750 6 10
EUCLID 500 750 22 10
EUCLID 500 750 44 10
EUCLID 500 750 125 10
EUCLID 500 1000 6 10
EUCLID 500 1000 22 10
EUCLID 500 1000 44 10
EUCLID 500 1000 125 10
EUCLID 500 3107 6 10
EUCLID 500 3107 22 10
EUCLID 500 3107 44 10
EUCLID 500 3107 125 10
EUCLID 500 6214 6 10
EUCLID 500 6214 22 10
EUCLID 500 6214 44 10
EUCLID 500 6214 125 10
EUCLID 500 62375 6 10
EUCLID 500 62375 22 10
EUCLID 500 62375 44 10
EUCLID 500 62375 125 10
EUCLID 600 900 6 10
EUCLID 600 900 24 10
EUCLID 600 900 48 10
EUCLID 600 900 150 10
EUCLID 600 1200 6 10
EUCLID 600 1200 24 10
EUCLID 600 1200 48 10
EUCLID 600 1200 150 10
EUCLID 600 3838 6 10
EUCLID 600 3838 24 10
EUCLID 600 3838 48 10
EUCLID 600 3838 150 10
EUCLID 600 7676 6 10
EUCLID 600 7676 24 10
EUCLID 600 7676 48 10
EUCLID 600 7676 150 10
EUCLID 600 89850 6 10
EUCLID 600 89850 24 10
EUCLID 600 89850 48 10
EUCLID 600 89850 150 10
EUCLID 700 1050 6 10
EUCLID 700 1050 26 10
EUCLID 700 1050 52 10
EUCLID 700 1050 175 10
EUCLID 700 1400 6 10
EUCLID 700 1400 26 10
EUCLID 700 1400 52 10
EUCLID 700 1400 175 10
EUCLID 700 4585 6 10
EUCLID 700 4585 26 10
EUCLID 700 4585 52 10
EUCLID 700 4585 175 10
EUCLID 700 9170 6 10
EUCLID 700 9170 26 10
EUCLID 700 9170 52 10
EUCLID 700 9170 175 10
EUCLID 700 122325 6 10
EUCLID 700 122325 26 10
EUCLID 700 122325 52 10
EUCLID 700 122325 175 10
EUCLID 800 1200 6 10
EUCLID 800 1200 28 10
EUCLID 800 1200 56 10
EUCLID 800 1200 200 10
EUCLID 800 1600 6 10
EUCLID 800 1600 28 10
EUCLID 800 1600 56 10
EUCLID 800 1600 200 10
EUCLID 800 5347 6 10
EUCLID 800 5347 28 10
EUCLID 800 5347 56 10
EUCLID 800 5347 200 10
EUCLID 800 10694 6 10
EUCLID 800 10694 28 10
EUCLID 800 10694 56 10
EUCLID 800 10694 200 10
EUCLID 800 159800 6 10
EUCLID 800 159800 28 10
EUCLID 800 159800 56 10
EUCLID 800 159800 200 10
EUCLID 900 1350 6 10
EUCLID 900 1350 30 10
EUCLID 900 1350 60 10
EUCLID 900 1350 225 10
EUCLID 900 1800 6 10
EUCLID 900 1800 30 10
EUCLID 900 1800 60 10
EUCLID 900 1800 225 10
EUCLID 900 6122 6 10
EUCLID 900 6122 30 10
EUCLID 900 6122 60 10
EUCLID 900 6122 225 10
EUCLID 900 12244 6 10
EUCLID 900 12244 30 10
EUCLID 900 12244 60 10
EUCLID 900 12244 225 10
EUCLID 900 202275 6 10
EUCLID 900 202275 30 10
EUCLID 900 202275 60 10
EUCLID 900 202275 225 10
GRID 100 150 4 10
GRID 100 150 10 10
GRID 100 150 20 10
GRID 100 150 25 10
GRID 100 200 4 10
GRID 100 200 10 10
GRID 100 200 20 10
GRID 100 200 25 10
GRID 100 460 4 10
GRID 100 460 10 10
GRID 100 460 20 10
GRID 100 460 25 10
GRID 100 920 4 10
GRID 100 920 10 10
GRID 100 920 20 10
GRID 100 920 25 10
GRID 100 2475 4 10
GRID 100 2475 10 10
GRID 100 2475 20 10
GRID 100 2475 25 10
GRID 200 300 5 10
GRID 200 300 14 10
GRID 200 300 28 10
GRID 200 300 50 10
GRID 200 400 5 10
GRID 200 400 14 10
GRID 200 400 28 10
GRID 200 400 50 10
GRID 200 1059 5 10
GRID 200 1059 14 10
GRID 200 1059 28 10
GRID 200 1059 50 10
GRID 200 2118 5 10
GRID 200 2118 14 10
GRID 200 2118 28 10
GRID 200 2118 50 10
GRID 200 9950 5 10
GRID 200 9950 14 10
GRID 200 9950 28 10
GRID 200 9950 50 10
GRID 300 450 5 10
GRID 300 450 17 10
GRID 300 450 34 10
GRID 300 450 75 10
GRID 300 600 5 10
GRID 300 600 17 10
GRID 300 600 34 10
GRID 300 600 75 10
GRID 300 1711 5 10
GRID 300 1711 17 10
GRID 300 1711 34 10
GRID 300 1711 75 10
GRID 300 3422 5 10
GRID 300 3422 17 10
GRID 300 3422 34 10
GRID 300 3422 75 10
GRID 300 22425 5 10
GRID 300 22425 17 10
GRID 300 22425 34 10
GRID 300 22425 75 10
GRID 400 600 5 10
GRID 400 600 20 10
GRID 400 600 40 10
GRID 400 600 100 10
GRID 400 800 5 10
GRID 400 800 20 10
GRID 400 800 40 10
GRID 400 800 100 10
GRID 400 2396 5 10
GRID 400 2396 20 10
GRID 400 2396 40 10
GRID 400 2396 100 10
GRID 400 4792 5 10
GRID 400 4792 20 10
GRID 400 4792 40 10
GRID 400 4792 100 10
GRID 400 39900 5 10
GRID 400 39900 20 10
GRID 400 39900 40 10
GRID 400 39900 100 10
GRID 500 750 6 10
GRID 500 750 22 10
GRID 500 750 44 10
GRID 500 750 125 10
GRID 500 1000 6 10
GRID 500 1000 22 10
GRID 500 1000 44 10
GRID 500 1000 125 10
GRID 500 3107 6 10
GRID 500 3107 22 10
GRID 500 3107 44 10
GRID 500 3107 125 10
GRID 500 6214 6 10
GRID 500 6214 22 10
GRID 500 6214 44 10
GRID 500 6214 125 10
GRID 500 62375 6 10
GRID 500 62375 22 10
GRID 500 62375 44 10
GRID 500 62375 125 10
GRID 600 900 6 10
GRID 600 900 24 10
GRID 600 900 48 10
GRID 600 900 150 10
GRID 600 1200 6 10
GRID 600 1200 24 10
GRID 600 1200 48 10
GRID 600 1200 150 10
GRID 600 3838 6 10
GRID 600 3838 24 10
GRID 600 3838 48 10
GRID 600 3838 150 10
GRID 600 7676 6 10
GRID 600 7676 24 10
GRID 600 7676 48 10
GRID 600 7676 150 10
GRID 600 89850 6 10
GRID 600 89850 24 10
GRID 600 89850 48 10
GRID 600 89850 150 10
GRID 700 1050 6 10
GRID 700 1050 26 10
GRID 700 1050 52 10
GRID 700 1050 175 10
GRID 700 1400 6 10
GRID 700 1400 26 10
GRID 700 1400 52 10
GRID 700 1400 175 10
GRID 700 4585 6 10
GRID 700 4585 26 10
GRID 700 4585 52 10
GRID 700 4585 175 10
GRID 700 9170 6 10
GRID 700 9170 26 10
GRID 700 9170 52 10
GRID 700 9170 175 10
GRID 700 122325 6 10
GRID 700 122325 26 10
GRID 700 122325 52 10
GRID 700 122325 175 10
GRID 800 1200 6 10
GRID 800 1200 28 10
GRID 800 1200 56 10
GRID 800 1200 200 10
GRID 800 1600 6 10
GRID 800 1600 28 10
GRID 800 1600 56 10
GRID 800 1600 200 10
GRID 800 5347 6 10
GRID 800 5347 28 10
GRID 800 5347 56 10
GRID 800 5347 200 10
GRID 800 10694 6 10
GRID 800 10694 28 10
GRID 800 10694 56 10
GRID 800 10694 200 10
GRID 800 159800 6 10
GRID 800 159800 28 10
GRID 800 159800 56 10
GRID 800 159800 200 10
GRID 900 1350 6 10
GRID 900 1350 30 10
GRID 900 1350 60 10
GRID 900 1350 225 10
GRID 900 1800 6 10
GRID 900 1800 30 10
GRID 900 1800 60 10
GRID 900 1800 225 10
GRID 900 6122 6 10
GRID 900 6122 30 10
GRID 900 6122 60 10
GRID 900 6122 225 10
GRID 900 12244 6 10
GRID 900 12244 30 10
GRID 900 12244 60 10
GRID 900 12244 225 10
GRID 900 202275 6 10
GRID 900 202275 30 10
GRID 900 202275 60 10
GRID 900 202275 225 10
